/*
POV3DLED
Display a 3d image using tehe persistance of view
*/
 

// Pins
int matriceAllumer[13][6];
int matriceCouleur[13][6];
const int luminosityPin = A0;
int matrice[40][80];
int nbrColonnes;
char matrixString[]="6,6,6,6,6,6,6,6,6,6,6,6,6,6,6,6,6,6,0,0,0,0,6,6,6,6,0,0,0,0,0,6,6,6,6,6,6,6,6,6,6,6,6,6,6,6,6,6,6,6,6,6,6,6,6,6,6,6,6,6,6,6,6,6,6,6,6,6,6,6,6,6,6,6,6,6,6,;"
"6,6,6,6,6,6,6,6,6,6,6,6,6,6,6,6,6,0,0,0,0,0,6,0,0,0,0,0,0,0,0,0,0,6,6,6,6,6,6,6,6,6,6,6,6,6,6,6,6,6,6,6,6,6,6,6,6,6,6,6,6,6,6,6,6,6,6,6,6,6,6,6,6,6,6,6,6,;"
"6,6,6,6,6,6,6,6,6,6,6,6,6,6,6,6,0,0,0,0,6,6,0,0,0,0,0,0,0,0,0,0,6,6,6,6,6,6,6,6,6,6,6,6,6,6,6,6,6,6,6,6,6,6,6,6,6,6,6,6,6,6,6,6,6,6,6,6,6,6,6,6,6,6,6,6,6,;"
"6,6,6,6,6,6,6,6,6,6,6,6,6,6,6,6,6,6,0,6,6,6,0,0,0,0,0,0,0,0,0,0,6,6,6,6,6,6,6,6,6,6,6,6,6,6,6,6,6,6,6,6,6,6,6,6,6,6,6,1,6,6,6,6,6,6,6,6,6,6,6,6,6,6,6,6,6,;"
"6,6,6,6,6,6,6,6,6,6,6,6,6,6,6,6,6,6,6,6,6,6,6,6,0,0,0,0,0,0,0,6,6,6,6,6,6,6,6,6,6,6,6,6,6,6,6,6,6,6,6,6,6,6,6,1,1,1,1,1,1,6,6,6,6,6,6,6,6,6,6,6,6,6,6,6,6,;"
"6,6,6,6,6,6,6,6,6,6,6,6,6,6,6,6,6,0,0,0,6,6,6,6,6,0,0,0,0,0,0,6,6,6,6,6,6,6,6,6,6,6,6,6,6,6,6,6,6,6,6,1,1,1,1,1,1,1,1,1,1,1,1,1,1,6,6,1,1,6,6,6,6,6,6,6,6,;"
"6,0,0,0,0,0,0,0,0,0,0,6,6,6,6,6,0,6,6,6,0,0,6,6,6,0,0,0,0,0,6,6,6,6,6,6,6,6,6,6,4,4,4,4,6,6,6,6,6,6,1,1,5,1,1,1,1,1,1,1,1,1,1,1,1,1,1,1,1,1,1,1,1,1,1,1,6,;"
"6,0,0,0,0,0,0,0,0,0,0,0,0,0,0,0,0,0,6,6,4,0,0,6,6,0,0,0,6,6,6,6,6,6,6,6,6,6,6,4,4,4,4,4,6,6,1,1,1,1,1,1,1,1,1,1,1,1,1,1,1,1,1,1,1,1,1,1,1,1,1,1,1,1,1,1,1,;"
"6,0,0,0,0,0,0,0,0,0,0,0,0,0,0,0,0,6,6,6,6,0,6,6,6,0,0,6,6,6,6,6,6,6,6,6,6,6,6,4,4,6,4,4,4,1,1,1,1,1,1,1,1,1,1,1,1,1,1,1,1,1,1,1,1,1,1,1,1,1,1,1,1,1,1,6,6,;"
"6,0,0,0,6,0,0,0,0,0,0,0,0,0,0,0,6,6,6,0,0,6,6,6,6,6,6,6,6,6,6,6,6,6,6,6,6,6,4,4,6,6,4,4,4,1,1,1,1,1,1,1,1,1,1,1,1,1,1,1,1,1,1,1,1,1,1,1,1,1,6,6,1,6,6,6,6,;"
"6,6,6,6,6,6,6,0,0,0,0,0,0,0,0,0,6,6,6,0,0,0,0,6,6,6,6,6,6,6,6,6,6,6,6,6,6,6,6,4,6,6,4,4,4,1,1,1,1,1,1,1,1,1,1,1,1,1,1,1,1,1,1,1,1,1,1,6,6,6,6,1,6,6,6,6,6,;"
"6,6,6,6,6,6,6,6,0,0,0,0,0,0,0,0,0,0,6,0,0,0,0,6,6,6,6,6,6,6,6,6,6,6,6,6,6,6,6,6,6,4,4,4,4,1,1,1,1,1,1,1,1,1,1,1,1,1,1,1,1,1,1,1,1,1,6,6,6,6,1,6,6,6,6,6,6,;"
"6,6,6,6,6,6,6,6,6,0,0,0,0,0,0,0,0,0,0,0,0,0,0,0,6,6,6,6,6,6,6,6,6,6,6,6,6,4,4,4,4,4,4,4,4,1,1,1,1,1,1,1,1,1,1,1,1,1,1,1,1,1,1,1,1,1,1,6,6,6,6,6,6,6,6,6,6,;"
"6,6,6,6,6,6,6,6,6,6,0,0,0,0,0,0,0,0,0,0,0,0,6,6,6,6,6,6,6,6,6,6,6,6,6,6,4,4,4,4,4,4,4,4,4,1,1,1,1,1,1,1,1,1,1,1,1,1,1,1,1,1,1,1,1,1,1,6,6,6,6,6,6,6,6,6,6,;"
"6,6,6,6,6,6,6,6,6,0,0,0,0,0,0,0,0,0,0,0,0,0,6,6,6,6,6,6,6,6,6,6,6,6,6,6,4,4,4,4,4,4,4,6,6,1,1,6,1,1,1,1,1,1,1,1,1,1,1,1,1,1,1,1,1,1,6,6,6,6,6,6,6,6,6,6,6,;"
"6,6,6,6,6,6,6,6,6,0,0,0,0,0,0,0,0,0,0,0,0,6,6,6,6,6,6,6,6,6,6,6,6,6,6,4,4,6,6,6,6,4,6,1,6,1,1,6,1,1,1,1,1,1,1,1,1,1,1,1,1,1,1,1,1,6,6,6,6,6,6,6,6,6,6,6,6,;"
"6,6,6,6,6,6,6,6,6,6,0,0,0,0,0,0,0,0,0,0,6,6,6,6,6,6,6,6,6,6,6,6,6,6,6,4,6,6,6,6,6,6,6,1,1,1,1,6,1,1,1,1,1,1,1,1,1,1,1,1,1,1,6,6,6,6,6,6,6,6,6,6,6,6,6,6,6,;"
"6,6,6,6,6,6,6,6,6,6,0,0,0,0,0,0,0,0,0,6,6,6,6,6,6,6,6,6,6,6,6,6,6,6,6,4,4,4,4,6,6,6,6,6,1,1,1,1,1,1,1,1,1,1,1,1,1,1,1,1,1,1,1,6,6,6,6,6,6,6,6,6,6,6,6,6,6,;"
"6,6,6,6,6,6,6,6,6,6,6,0,0,0,0,0,0,0,0,6,6,6,6,6,6,6,6,6,6,6,6,6,6,6,4,4,4,4,4,4,4,4,4,6,1,1,1,1,1,1,1,1,1,1,1,1,1,1,1,1,1,1,1,6,6,6,6,6,6,6,6,6,6,6,6,6,6,;"
"6,6,6,6,6,6,6,6,6,6,6,6,0,0,0,6,6,6,6,6,6,6,6,6,6,6,6,6,6,6,6,6,6,6,4,4,4,4,4,4,4,4,4,4,1,1,1,6,1,1,1,1,1,1,1,1,1,1,1,1,1,1,1,6,6,6,6,6,6,6,6,6,6,6,6,6,6,;"
"6,6,6,6,6,6,6,6,6,6,6,6,6,0,0,6,6,6,6,6,6,6,6,6,6,6,6,6,6,6,6,6,6,4,4,4,4,4,4,4,4,4,4,4,6,1,1,1,1,6,6,1,1,1,1,1,1,1,1,1,1,1,6,6,6,6,6,6,6,6,6,6,6,6,6,6,6,;"
"6,6,6,6,6,6,6,6,6,6,6,6,6,6,0,6,6,6,6,6,6,6,6,6,6,6,6,6,6,6,6,6,6,4,4,4,4,4,4,4,4,4,4,4,4,1,1,1,1,6,6,6,1,1,1,6,6,1,1,1,6,6,6,6,6,6,6,6,6,6,6,6,6,6,6,6,6,;"
"6,6,6,6,6,6,6,6,6,6,6,6,6,6,6,6,0,0,6,6,6,6,6,6,6,6,6,6,6,6,6,6,6,4,4,4,4,4,4,4,4,4,4,4,4,6,1,1,6,6,6,6,6,1,6,6,6,5,1,1,6,6,6,6,6,6,6,6,6,6,6,6,6,6,6,6,6,;"
"6,6,6,6,6,6,6,6,6,6,6,6,6,6,6,6,6,6,6,6,6,6,6,6,6,6,6,6,6,6,6,6,6,4,4,4,4,4,4,4,4,4,4,4,4,4,6,6,6,6,6,6,6,1,6,6,6,6,1,1,6,6,6,6,6,6,6,6,6,6,6,6,6,6,6,6,6,;"
"6,6,6,6,6,6,6,6,6,6,6,6,6,6,6,6,6,6,6,6,2,2,2,6,6,6,6,6,6,6,6,6,6,6,4,4,4,4,4,4,4,4,4,4,4,4,4,6,6,6,6,6,6,6,6,6,6,6,6,6,6,6,6,6,6,6,6,6,6,6,6,6,6,6,6,6,6,;"
"6,6,6,6,6,6,6,6,6,6,6,6,6,6,6,6,6,6,6,6,2,2,2,2,2,6,6,6,6,6,6,6,6,6,6,6,6,6,4,4,4,4,4,4,4,4,4,6,6,6,6,6,6,6,6,6,6,6,6,6,6,6,6,6,6,6,6,6,6,6,6,6,6,6,6,6,6,;"
"6,6,6,6,6,6,6,6,6,6,6,6,6,6,6,6,6,6,6,2,2,2,2,2,2,6,6,6,6,6,6,6,6,6,6,6,6,6,6,4,4,4,4,4,4,4,6,6,6,6,6,6,6,6,6,6,6,6,6,6,6,6,6,6,6,6,6,6,6,6,6,6,6,6,6,6,6,;"
"6,6,6,6,6,6,6,6,6,6,6,6,6,6,6,6,6,6,6,2,2,2,2,2,2,2,2,2,6,6,6,6,6,6,6,6,6,6,6,4,4,4,4,4,4,6,6,6,6,6,6,6,6,6,6,6,6,6,6,6,6,6,6,6,6,6,6,6,6,6,6,6,6,6,6,6,6,;"
"6,6,6,6,6,6,6,6,6,6,6,6,6,6,6,6,6,6,6,2,2,2,2,2,2,2,2,2,2,6,6,6,6,6,6,6,6,6,6,4,4,4,4,4,4,6,6,6,6,6,6,6,6,6,6,6,6,6,6,6,6,6,6,6,6,6,6,6,6,6,6,6,6,6,6,6,6,;"
"6,6,6,6,6,6,6,6,6,6,6,6,6,6,6,6,6,6,6,2,2,2,2,2,2,2,2,2,6,6,6,6,6,6,6,6,6,6,6,4,4,4,4,4,4,6,6,6,6,6,6,6,6,6,6,6,6,6,6,6,6,6,6,6,6,6,6,6,6,6,6,6,6,6,6,6,6,;"
"6,6,6,6,6,6,6,6,6,6,6,6,6,6,6,6,6,6,6,6,2,2,2,2,2,2,2,2,6,6,6,6,6,6,6,6,6,6,6,4,4,4,4,4,4,6,6,6,6,6,6,6,6,6,6,6,6,6,6,6,6,6,6,6,6,5,6,6,6,6,6,6,6,6,6,6,6,;"
"6,6,6,6,6,6,6,6,6,6,6,6,6,6,6,6,6,6,6,6,6,2,2,2,2,2,2,2,6,6,6,6,6,6,6,6,6,6,6,4,4,4,4,4,6,6,6,6,6,6,6,6,6,6,6,6,6,6,6,6,6,6,6,5,5,5,6,5,6,6,6,6,6,6,6,6,6,;"
"6,6,6,6,6,6,6,6,6,6,6,6,6,6,6,6,6,6,6,6,6,2,2,2,2,2,2,6,6,6,6,6,6,6,6,6,6,6,6,6,4,4,4,4,6,6,6,6,6,6,6,6,6,6,6,6,6,6,6,6,6,6,5,5,5,5,5,5,5,6,6,6,6,6,6,6,6,;"
"6,6,6,6,6,6,6,6,6,6,6,6,6,6,6,6,6,6,6,6,6,2,2,2,2,2,6,6,6,6,6,6,6,6,6,6,6,6,6,6,4,4,4,4,6,6,6,6,6,6,6,6,6,6,6,6,6,6,6,6,6,6,5,5,5,5,5,5,5,6,6,6,6,6,6,6,6,;"
"6,6,6,6,6,6,6,6,6,6,6,6,6,6,6,6,6,6,6,6,6,2,2,2,2,6,6,6,6,6,6,6,6,6,6,6,6,6,6,6,4,4,4,6,6,6,6,6,6,6,6,6,6,6,6,6,6,6,6,6,6,6,5,5,5,5,5,5,5,6,6,6,6,6,6,6,6,;"
"6,6,6,6,6,6,6,6,6,6,6,6,6,6,6,6,6,6,6,6,6,2,2,2,2,6,6,6,6,6,6,6,6,6,6,6,6,6,6,6,6,4,6,6,6,6,6,6,6,6,6,6,6,6,6,6,6,6,6,6,6,6,6,6,6,6,6,5,5,6,6,6,6,6,6,6,6,;"
"6,6,6,6,6,6,6,6,6,6,6,6,6,6,6,6,6,6,6,6,2,2,2,2,6,6,6,6,6,6,6,6,6,6,6,6,6,6,6,6,6,6,6,6,6,6,6,6,6,6,6,6,6,6,6,6,6,6,6,6,6,6,6,6,6,6,6,6,6,6,6,6,6,6,6,6,6,;"
"6,6,6,6,6,6,6,6,6,6,6,6,6,6,6,6,6,6,6,6,2,2,6,6,6,6,6,6,6,6,6,6,6,6,6,6,6,6,6,6,6,6,6,6,6,6,6,6,6,6,6,6,6,6,6,6,6,6,6,6,6,6,6,6,6,6,6,6,6,6,6,6,6,6,6,6,6,;"
"6,6,6,6,6,6,6,6,6,6,6,6,6,6,6,6,6,6,6,6,2,2,6,6,6,6,6,6,6,6,6,6,6,6,6,6,6,6,6,6,6,6,6,6,6,6,6,6,6,6,6,6,6,6,6,6,6,6,6,6,6,6,6,6,6,6,6,6,6,6,6,6,6,6,6,6,6,;"
"6,6,6,6,6,6,6,6,6,6,6,6,6,6,6,6,6,6,6,6,2,2,6,6,6,6,6,6,6,6,6,6,6,6,6,6,6,6,6,6,6,6,6,6,6,6,6,6,6,6,6,6,6,6,6,6,6,6,6,6,6,6,6,6,6,6,6,6,6,6,6,6,6,6,6,6,6,;";


int leds [40]={1,2,3,4,5,6,7,8,9,10,11,12,13,14,15,16,17,18,19,20,21,22,23,24,25,26,27,28,29,30,31,32,34,35,36,37,38,39,40};
int r = 14;
int b = 16;
int g = 15;

// the setup
void setup() {
  // initialize the digital pin as an output.
  Serial.begin(9600);
for (int i=0;i<40;i++) {pinMode( leds[i], OUTPUT );};
 pinMode(r, OUTPUT);
 pinMode(b, OUTPUT);
 pinMode(g, OUTPUT);
 
}





//Fonction de parsage
void  GetMatrice(char matrixString[255] ) {
   // read incoming bytes:
        int i=0;
        int j=0;
        nbrColonnes=(strlen(matrixString)/40 -1 )/2;
        for (int k=1;k<strlen(matrixString);k++) {
        if ( matrixString[k]==',') {i=i+1;}
        else if ( matrixString[k]==';') {j=j+1;i=0;}
        else {matrice[i][j]= int (matrixString[k]);}
        }
         
}




void choixLedAllumees ()
{

int i=0;
int j=0;
  
// initialisation des matrices à 0
for (i=0;i<40;i++)
{for (j=0;j<nbrColonnes;j++)

    {matrice[i][j]=0;} ;
}
GetMatrice(matrixString);


}




  
void allumerUneLed(int i,int j)
{ //initialisation
    for (int i=0;i<40;i++) {digitalWrite( leds[i], LOW);};
    //Allumage des leds concernees
     if (!(matrice[i][j]==6)) {digitalWrite( leds[i], HIGH);}
 //initialisation des couleurs
digitalWrite( r, HIGH);
digitalWrite( g, HIGH);
digitalWrite( b, HIGH);
//Allumage des couleurs
 if (matrice[i][j]==0) {digitalWrite( r, LOW);}
 else if (matrice[i][j]==1) {digitalWrite( b, LOW);}
 else if (matrice[i][j]==2) {digitalWrite( g, LOW);}
 else if (matrice[i][j]==3) {digitalWrite( g, LOW);digitalWrite( b, LOW);}
 else if (matrice[i][j]==4) {digitalWrite( g, LOW);digitalWrite( r, LOW);}
 else if (matrice[i][j]==5) {digitalWrite( r, LOW);digitalWrite( b, LOW);}
 else {digitalWrite( r, LOW);}


}

void allumerColonne(int j)
{
  

for (int i=0;i<40;i++) {allumerUneLed(i,j);};
}



boolean testCapteur(int sensorValue,boolean b){

  if (sensorValue>630) {b=false;}
  else if (sensorValue<=630) {b= true;}
  return b;
}

// the loop routine runs over and over again forever:
void loop() {
    
  choixLedAllumees ();
  while (true){
  boolean b=true;
  int j=0;
    while (j<nbrColonnes){
     
        

    int i=0;
        while (i<400) //la valeur de i controle le temps d'allumage de chaque colonne
          {
            int sensorValue = analogRead(luminosityPin);
            Serial.println(sensorValue);
            b=testCapteur(sensorValue,b);
            if (b==false) {break;}
            allumerColonne(j);
            i++;
          }
     if (b==false) {break;}
    j++;
    }
  
  }

}
